210156250.0      0.0137673336318
210351562.5      0.0137673336318
210546875.0      0.0145473523752
210742187.5      0.0151546596138
210937500.0      0.0153252334013
211132812.5      0.0157781880691
211328125.0      0.0165612278633
211523437.5      0.0172022600022
211718750.0      0.0178257349774
211914062.5      0.0188108384676
212109375.0      0.0196859120208
212304687.5      0.0202019513688
212500000.0      0.0210398799495
212695312.5      0.0216139944012
212890625.0      0.0222727912038
213085937.5      0.0225053976533
213281250.0      0.0227057294053
213476562.5      0.0232766420096
213671875.0      0.0235143862434
213867187.5      0.024065854212
214062500.0      0.024423728162
214257812.5      0.0248998080446
214453125.0      0.0255407543746
214648437.5      0.0259151786451
214843750.0      0.0261726186958
215039062.5      0.0262956773166
215234375.0      0.0265958477241
215429687.5      0.0266842420884
215625000.0      0.026983310679
215820312.5      0.0270264372744
216015625.0      0.0271776527451
216210937.5      0.0277169779585
216406250.0      0.0278083666562
216601562.5      0.0278610723178
216796875.0      0.0278998968468
216992187.5      0.0281772481104
217187500.0      0.0283260237593
217382812.5      0.0287618093131
217578125.0      0.0288252512347
217773437.5      0.0288702769297
217968750.0      0.0289340744463
218164062.5      0.0289792960148
218359375.0      0.0290587496299
218554687.5      0.0291774765948
218750000.0      0.0291774765948
218945312.5      0.0291774765948
219140625.0      0.0290977573029
219335937.5      0.0290062677349
219531250.0      0.029128778216
219726562.5      0.0291930093798
219921875.0      0.0293762152154
220117187.5      0.0293762152154
220312500.0      0.0294096552039
220507812.5      0.0296086768052
220703125.0      0.0296086768052
220898437.5      0.0296086768052
221093750.0      0.0296086768052
221289062.5      0.0294338083068
221484375.0      0.0294338083068
221679687.5      0.02949156699
221875000.0      0.0295025104338
222070312.5      0.0295025104338
222265625.0      0.0295025104338
222460937.5      0.0294628723037
222656250.0      0.0294382030913
222851562.5      0.0294973006574
223046875.0      0.0295040839919
223242187.5      0.0295040839919
223437500.0      0.0295040839919
223632812.5      0.0295040839919
223828125.0      0.0295040839919
224023437.5      0.0295040839919
224218750.0      0.0295040839919
224414062.5      0.0295040839919
224609375.0      0.0295040839919
224804687.5      0.0294
225000000.0      0.0293
225195312.5      0.0292
225390625.0      0.029
225585937.5      0.0288
225781250.0      0.0286
225976562.5      0.0283
226171875.0      0.028
226367187.5      0.0278
226562500.0      0.0276
226757812.5      0.0274
226953125.0      0.0272
227148437.5      0.0271
227343750.0      0.027
227539062.5      0.0269
227734375.0      0.0268
227929687.5      0.0266
228125000.0      0.0265
228320312.5      0.0264
228515625.0      0.02635
228710937.5      0.0262
228906250.0      0.0261
229101562.5      0.026
229296875.0      0.0259
229492187.5      0.0258
229687500.0      0.0257
229882812.5      0.0256
230078125.0      0.0254
230273437.5      0.0252307449979
230468750.0      0.0249793554595
230664062.5      0.0247735253842
230859375.0      0.0246296815015
231054687.5      0.0245679440929
231250000.0      0.0243498095259
231445312.5      0.024134384242
231640625.0      0.0237717767634
231835937.5      0.0236634705103
232031250.0      0.0234905001394
232226562.5      0.0231745690833
232421875.0      0.0229696971489
232617187.5      0.0227194198178
232812500.0      0.0227194198178
233007812.5      0.0224354242497
233203125.0      0.022289686466
233398437.5      0.0219331302468
233593750.0      0.0216356263491
233789062.5      0.0214017080914
233984375.0      0.0211360231616
234179687.5      0.0210808089066
234375000.0      0.020802146838
234570312.5      0.0206863078435
234765625.0      0.0204050030155
234960937.5      0.0202980319906
235156250.0      0.0200327059535
235351562.5      0.0197715252459
235546875.0      0.0192503359294
235742187.5      0.0194220357734
235937500.0      0.0190758750346
236132812.5      0.0187695747488
236328125.0      0.018275987949
236523437.5      0.0180825409393
236718750.0      0.0178428471634
236914062.5      0.0178428471634
237109375.0      0.0174192455253
237304687.5      0.0172432110832
237500000.0      0.0172432110832
237695312.5      0.0168390733889
237890625.0      0.0168100371533
238085937.5      0.0168100371533
238281250.0      0.016740239571
238476562.5      0.0166920119827
238671875.0      0.0166524839035
238867187.5      0.0163691725621
239062500.0      0.0160097811933
239257812.5      0.0158347566415
239453125.0      0.0157340857098
239648437.5      0.0157451258599
239843750.0      0.0155687280508
240039062.5      0.015285558416
240234375.0      0.0154572936282
240429687.5      0.0153839950652
240625000.0      0.0151743155903
240820312.5      0.0150194375823
241015625.0      0.0148847481316
241210937.5      0.0147135568481
241406250.0      0.0146675761729
241601562.5      0.0145439122746
241796875.0      0.0144438485675
241992187.5      0.0144084868164
242187500.0      0.0144084868164
242382812.5      0.0144084868164
242578125.0      0.0144084868164
242773437.5      0.0144084868164
242968750.0      0.0144084868164
243164062.5      0.0144084868164
243359375.0      0.0144084868164
243554687.5      0.0144084868164
243750000.0      0.0144084868164
243945312.5      0.0144084868164
244140625.0      0.0144084868164
244335937.5      0.0144084868164
244531250.0      0.0144084868164
244726562.5      0.0144084868164
244921875.0      0.0144084868164
245117187.5      0.0144084868164
245312500.0      0.0144084868164
245507812.5      0.0144084868164
245703125.0      0.0144084868164
245898437.5      0.0144084868164
246093750.0      0.0144084868164
246289062.5      0.0144084868164
246484375.0      0.0144084868164
246679687.5      0.0144084868164
246875000.0      0.0144084868164
247070312.5      0.0144084868164
247265625.0      0.0144084868164
247460937.5      0.0144084868164
247656250.0      0.0144084868164
247851562.5      0.0144084868164
248046875.0      0.0144084868164
248242187.5      0.0144084868164
248437500.0      0.0144084868164
248632812.5      0.0144084868164
248828125.0      0.0144084868164
249023437.5      0.0144084868164
249218750.0      0.0144084868164
249414062.5      0.0144084868164
249609375.0      0.0144084868164
249804687.5      0.0144084868164
