119726562.5      0.0216738280742
119921875.0      0.0216738280742
120117187.5      0.02234522072
120312500.0      0.02234522072
120507812.5      0.02234522072
120703125.0      0.0223878601326
120898437.5      0.0223878601326
121093750.0      0.0229717340164
121289062.5      0.0232150567636
121484375.0      0.0232878060477
121679687.5      0.0233725690046
121875000.0      0.0233725690046
122070312.5      0.0233725690046
122265625.0      0.0236831215942
122460937.5      0.0238087597756
122656250.0      0.0238804321343
122851562.5      0.0239160074767
123046875.0      0.0239160074767
123242187.5      0.0239160074767
123437500.0      0.0240318761942
123632812.5      0.0240781194824
123828125.0      0.0241844953028
124023437.5      0.0241939766173
124218750.0      0.0244489359494
124414062.5      0.0244538388401
124609375.0      0.0244838257668
124804687.5      0.0244125170013
125000000.0      0.0244125170013
125195312.5      0.0244125170013
125390625.0      0.0245361991292
125585937.5      0.0245789302981
125781250.0      0.0246346804217
125976562.5      0.0246440295025
126171875.0      0.0247871807694
126367187.5      0.0247871807694
126562500.0      0.0250331570985
126757812.5      0.0249987626134
126953125.0      0.0251310592926
127148437.5      0.0250975746075
127343750.0      0.0250186358215
127539062.5      0.0248397673181
127734375.0      0.0247849546654
127929687.5      0.0247849546654
128125000.0      0.024791240858
128320312.5      0.0247999737255
128515625.0      0.024791240858
128710937.5      0.0247777791791
128906250.0      0.0243707756548
129101562.5      0.0243707756548
129296875.0      0.0243707756548
129492187.5      0.0244050633484
129882812.5      0.0244050633484
130078125.0      0.024601204181
130273437.5      0.024601204181
130468750.0      0.024601204181
130664062.5      0.0248560610564
130859375.0      0.0248560610564
131054687.5      0.0248560610564
131250000.0      0.0247376113466
131445312.5      0.0247200722389
131640625.0      0.0246074260252
131835937.5      0.0244658498271
132031250.0      0.0247200722389
132226562.5      0.0247200722389
132421875.0      0.0247987563568
132617187.5      0.0247987563568
132812500.0      0.0247987563568
133007812.5      0.0245996611884
133203125.0      0.0242001458246
133398437.5      0.0242001458246
133593750.0      0.0242001458246
133789062.5      0.0241937607078
133984375.0      0.0242333038852
134179687.5      0.0244519746702
134375000.0      0.0243883665182
134570312.5      0.0243883665182
134765625.0      0.0243883665182
134960937.5      0.0243883665182
135156250.0      0.0243037094605
135351562.5      0.0243037094605
135546875.0      0.0242675787396
135742187.5      0.0242091495989
135937500.0      0.0242091495989
136132812.5      0.0238807440742
136328125.0      0.0237324423051
136523437.5      0.0237324423051
136718750.0      0.0238600373654
136914062.5      0.0238253301252
137109375.0      0.0238253301252
137304687.5      0.0238600373654
137500000.0      0.0238777442085
137695312.5      0.0240583372679
137890625.0      0.0240583372679
138085937.5      0.0240583372679
138281250.0      0.0237437800945
138476562.5      0.0235213862896
138671875.0      0.0235213862896
138867187.5      0.0235086588427
139062500.0      0.0235086588427
139257812.5      0.0231670371255
139453125.0      0.0231168761931
139648437.5      0.0231168761931
139843750.0      0.0231516123769
140039062.5      0.0231516123769
140234375.0      0.0230725494814
140429687.5      0.0230191700792
140625000.0      0.0228690210167
140820312.5      0.0227657504356
141015625.0      0.022727837359
141210937.5      0.022727837359
141406250.0      0.022727837359
141601562.5      0.0222939681378
141796875.0      0.0222939681378
141992187.5      0.0222939681378
142187500.0      0.0223987519648
142382812.5      0.0223987519648
142578125.0      0.0222650648548
142773437.5      0.0220789640798
142968750.0      0.0220789640798
143164062.5      0.0220789640798
143359375.0      0.0221231577938
143554687.5      0.0220116147533
143750000.0      0.0219830547977
143945312.5      0.0219830547977
144140625.0      0.0216861554978
144335937.5      0.0216561792212
144531250.0      0.0216363410405
144726562.5      0.0213107948061
144921875.0      0.0213107948061
145117187.5      0.021197158995
145312500.0      0.0211816036298
145507812.5      0.0211816036298
145703125.0      0.0209652435335
145898437.5      0.0209652435335
146093750.0      0.0209652435335
146289062.5      0.0209652435335
146484375.0      0.0209316336792
146679687.5      0.0209759184744
146875000.0      0.0209759184744
147070312.5      0.0209117658627
147265625.0      0.0209117658627
147460937.5      0.0209117658627
147656250.0      0.0207419853348
147851562.5      0.0207419853348
148046875.0      0.0207419853348
148242187.5      0.0207419853348
148437500.0      0.0207419853348
148632812.5      0.0207153708306
148828125.0      0.0205864141431
149023437.5      0.0205322004676
149218750.0      0.0205322004676
149414062.5      0.0205322004676
149609375.0      0.0205322004676
149804687.5      0.0205322004676
150000000.0      0.0205693552964
150195312.5      0.0205693552964
150390625.0      0.0205991397961
150585937.5      0.0205991397961
150781250.0      0.0206513320562
150976562.5      0.0206513320562
151171875.0      0.0206513320562
151367187.5      0.0207577042902
151562500.0      0.0211465301998
151757812.5      0.0212458522613
151953125.0      0.0212897005162
152148437.5      0.0213049224162
152343750.0      0.0213066035636
152539062.5      0.0213066035636
152734375.0      0.0213066035636
152929687.5      0.0212535691498
153125000.0      0.0212535691498
153320312.5      0.0212266862459
153515625.0      0.0211456234538
153710937.5      0.0211456234538
153906250.0      0.0210362955285
154101562.5      0.0210362955285
154296875.0      0.0210362955285
154492187.5      0.02107563211
154687500.0      0.021259408197
154882812.5      0.0213230131884
155078125.0      0.0213230131884
155273437.5      0.0213230131884
155468750.0      0.0213870756182
155664062.5      0.0214666210019
155859375.0      0.0215220443102
156054687.5      0.0215701173669
156250000.0      0.0219568127141
156445312.5      0.0219568127141
156640625.0      0.0219568127141
156835937.5      0.0218982841644
157031250.0      0.0218982841644
157226562.5      0.0218982841644
157421875.0      0.0219357073
157617187.5      0.0221278352084
157812500.0      0.0222297461694
158007812.5      0.0222297461694
158203125.0      0.0222468899418
158398437.5      0.0222468899418
158593750.0      0.0223000489775
158789062.5      0.0223000489775
158984375.0      0.0224884173516
159179687.5      0.0224884173516
159375000.0      0.0224902823359
159570312.5      0.0225635760115
159765625.0      0.0228325229407
159960937.5      0.0230046636863
160156250.0      0.0230046636863
160351562.5      0.0230046636863
160546875.0      0.0230046636863
160742187.5      0.0230071900938
160937500.0      0.0230071900938
161132812.5      0.0230071900938
161328125.0      0.0230071900938
161523437.5      0.0228383005764
161718750.0      0.0228383005764
161914062.5      0.0228383005764
162109375.0      0.0228383005764
162304687.5      0.0228097843361
162500000.0      0.0223505386696
162695312.5      0.0223505386696
162890625.0      0.0223375296703
163085937.5      0.0221755586988
163281250.0      0.0220124295618
163476562.5      0.0220108014345
163671875.0      0.0219728850525
163867187.5      0.0218652927693
164062500.0      0.0219254476248
164257812.5      0.0219254476248
164453125.0      0.0219254476248
164648437.5      0.0217079948677
164843750.0      0.0216420613364
165039062.5      0.0216363774826
165234375.0      0.0216313081681
165429687.5      0.0216027203144
165625000.0      0.0214935775316
165820312.5      0.0212059604194
166015625.0      0.0211947814934
166210937.5      0.0210931129933

