180000000.0      0.00880401074439
180156250.0      0.00889285117962
180312500.0      0.00889285117962
180468750.0      0.00889285117962
180625000.0      0.00875922686083
180781250.0      0.00872303086589
180937500.0      0.0086018799647
181093750.0      0.00856608884763
181250000.0      0.00853278233142
181406250.0      0.00853278233142
181562500.0      0.00847775541765
181718750.0      0.00847775541765
181875000.0      0.00847775541765
182031250.0      0.00835486424073
182187500.0      0.00829843839867
182343750.0      0.00823603263057
182500000.0      0.00806714954147
182656250.0      0.00804774809583
182812500.0      0.00798701053497
182968750.0      0.0079160649716
183125000.0      0.0079160649716
183281250.0      0.00771512613739
183437500.0      0.00760713127823
183593750.0      0.00759411529416
183750000.0      0.00752142578193
183906250.0      0.00743223004162
184062500.0      0.0073355732557
184218750.0      0.00734415046794
184375000.0      0.00731989440901
184531250.0      0.0071526045146
184687500.0      0.00711637075271
184843750.0      0.00710724527045
185000000.0      0.00706492993103
185156250.0      0.00702850084171
185312500.0      0.00678696028975
185468750.0      0.00674872469748
185625000.0      0.00672500532925
185781250.0      0.00670313193283
185937500.0      0.00660613586737
186093750.0      0.00659266691677
186250000.0      0.00642460770788
186406250.0      0.00640581966944
186562500.0      0.00628287728272
186718750.0      0.00625049382642
186875000.0      0.00628287728272
187031250.0      0.00617019266371
187187500.0      0.00626919269766
187343750.0      0.00625024392513
187500000.0      0.00607527461008
187656250.0      0.00596973231529
187812500.0      0.00588984708571
187968750.0      0.00582927349212
188125000.0      0.00554763846705
188281250.0      0.00551513764434
188437500.0      0.00536546793394
188593750.0      0.00517455265255
188750000.0      0.00510033473583
188906250.0      0.00506717164799
189062500.0      0.00489793513197
189218750.0      0.00490654525397
189375000.0      0.00508651788077
189531250.0      0.00635498304172
189687500.0      0.00643383532141
189843750.0      0.00647168915545
190000000.0      0.00643383532141
190156250.0      0.00641065624335
190312500.0      0.00645596323589
190468750.0      0.00645166897868
190625000.0      0.00641343499204
190781250.0      0.00641343499204
190937500.0      0.00638841393699
191093750.0      0.00639249544231
191250000.0      0.00639852674469
191406250.0      0.00639852674469
191562500.0      0.00639249544231
191718750.0      0.00631328863823
191875000.0      0.00627223359903
192031250.0      0.00623672119496
192187500.0      0.00623197570452
192343750.0      0.00622918640987
192500000.0      0.00622918640987
192656250.0      0.00617055241739
192812500.0      0.00615397810358
192968750.0      0.00615397810358
193125000.0      0.00615397810358
193281250.0      0.0060379588408
193437500.0      0.00602014428914
193593750.0      0.00602014428914
193750000.0      0.0060379588408
193906250.0      0.00601043641489
194062500.0      0.00600875510122
194218750.0      0.00598241747964
194375000.0      0.00594441633852
194531250.0      0.00593245439656
194687500.0      0.00593245439656
194843750.0      0.00588565964553
195000000.0      0.00584487164724
195156250.0      0.00583006129701
195312500.0      0.00583006129701
195468750.0      0.00581418989388
195625000.0      0.00581418989388
195781250.0      0.00572437744545
195937500.0      0.00568916156924
196093750.0      0.00557961430376
196250000.0      0.00557961430376
196406250.0      0.00557961430376
196562500.0      0.00558025742387
196718750.0      0.00557419718123
196875000.0      0.00557419718123
197031250.0      0.00557640503054
197187500.0      0.00555444133785
197343750.0      0.00551366783357
197500000.0      0.00546920166031
197656250.0      0.00545363955824
197812500.0      0.00545161062082
197968750.0      0.00545161062082
198125000.0      0.00543895778138
198281250.0      0.00533284140053
198437500.0      0.00529733431136
198593750.0      0.00526300890671
198750000.0      0.00518020700728
198906250.0      0.00516663666736
199062500.0      0.00443377731367
199218750.0      0.00444159608474
199375000.0      0.00441123171632
199531250.0      0.00438426759382
199687500.0      0.00438426759382
199843750.0      0.00434727289194
200000000.0      0.0042821671917
200156250.0      0.0042821671917
200312500.0      0.00425672615521
200468750.0      0.00422910768232
200625000.0      0.00418946200422
200781250.0      0.00423117081875
200937500.0      0.00422603525221
201093750.0      0.00415337179608
201250000.0      0.0041626082153
201406250.0      0.00415218136076
201562500.0      0.00414644034388
201718750.0      0.00414644034388
201875000.0      0.00414045911738
202031250.0      0.00411191772024
202187500.0      0.00411191772024
202343750.0      0.00400706118566
202500000.0      0.00399896626625
202656250.0      0.0039967602892
202812500.0      0.00396708720364
202968750.0      0.0039967602892
203125000.0      0.00396708720364
203281250.0      0.00396659731415
203437500.0      0.00394548592506
203593750.0      0.00393302470442
203750000.0      0.00394548592506
203906250.0      0.00394275530315
204062500.0      0.00394275530315
204218750.0      0.00395060543642
204375000.0      0.00395060543642
204531250.0      0.00394275530315
204687500.0      0.00391123372335
204843750.0      0.00391123372335
205000000.0      0.00391123372335
205156250.0      0.00392000036547
205312500.0      0.00392000036547
205468750.0      0.00392000036547
205625000.0      0.0039191855343
205781250.0      0.00391756755438
205937500.0      0.00380124253313
206093750.0      0.00392582217005
206250000.0      0.00391756755438
206406250.0      0.00381991948806
206562500.0      0.00380348196538
206718750.0      0.00381991948806
206875000.0      0.00381991948806
207031250.0      0.00380348196538
207187500.0      0.0038073800332
207343750.0      0.0038073800332
207500000.0      0.00369960920512
207656250.0      0.0037498114952
207812500.0      0.00378868171237
207968750.0      0.00378868171237
208125000.0      0.00371161189101
208281250.0      0.00374702040499
208437500.0      0.0038632857462
208593750.0      0.00392372214706
208750000.0      0.00383739316756
208906250.0      0.00379897604474
209062500.0      0.00379897604474
209218750.0      0.00374226284628
209375000.0      0.00372069150671
209531250.0      0.00372069150671
209687500.0      0.00370287430727
209843750.0      0.00375504902547
210000000.0      0.0036932694032
210156250.0      0.00357970164995
210312500.0      0.00350165347797
210468750.0      0.0035665280645
210625000.0      0.00351467090092
210781250.0      0.00345082224928
210937500.0      0.00350025575505
211093750.0      0.0034533115635
211250000.0      0.0034533115635
211406250.0      0.00333204862909
211562500.0      0.0033266544966
211718750.0      0.00328212830927
211875000.0      0.00318603938757
212031250.0      0.00328789429253
212187500.0      0.00316054657624
212343750.0      0.00312667163806
212500000.0      0.00312667163806
212656250.0      0.00315200698891
212812500.0      0.00307729466692
212968750.0      0.00309398515747
213125000.0      0.00322024974928
213281250.0      0.00312743620559
213437500.0      0.00312743620559
213593750.0      0.00317066054806
213750000.0      0.00327351701386
213906250.0      0.00328201394785
214062500.0      0.00317593532206
214218750.0      0.0031756781509
214375000.0      0.00310885757318
214531250.0      0.00310229101388
214687500.0      0.00304211343842
214843750.0      0.0030388982453
215000000.0      0.00296813061401
215156250.0      0.00290368312625
215312500.0      0.00290368312625
215468750.0      0.00292207758922
215625000.0      0.00286550520244
215781250.0      0.00272961128732
215937500.0      0.00267193838495
216093750.0      0.00266190207461
216250000.0      0.00258042678642
216406250.0      0.00257523244201
216562500.0      0.00257523244201
216718750.0      0.00258477961486
216875000.0      0.00243161557675
217031250.0      0.00243161557675
217187500.0      0.00242157156652
