9.9609375      0.0160284712095
10.3515625      0.0163214636939
10.546875      0.0164903444265
10.9375      0.0214745889608
11.328125      0.0233614540763
11.5234375      0.0250446878357
11.9140625      0.0301580574587
12.109375      0.0315418227135
12.5      0.0315418227135
12.6953125      0.03226528928
13.0859375      0.0340736724705
13.4765625      0.0360271319723
13.671875      0.0360271319723
14.0625      0.0380132511355
14.2578125      0.0403004120159
14.6484375      0.0463506116301
14.84375      0.0488433590009
15.234375      0.050043678044
15.625      0.0501125986119
15.8203125      0.0509513795882
16.2109375      0.0563494399303
16.40625      0.0612408995981
16.796875      0.0615247874942
17.1875      0.0639160651615
17.3828125      0.0662165960043
17.7734375      0.0703592975041
17.96875      0.0722836602825
18.359375      0.0724427778033
18.5546875      0.0745968922247
18.9453125      0.0779724682912
19.3359375      0.078523326925
19.53125      0.0808605498988
19.921875      0.0819935135361
20.1171875      0.0850267757746
20.5078125      0.0872223920678
20.8984375      0.0900575958442
21.09375      0.0908830899159
21.484375      0.0922743250144
21.6796875      0.0975328260116
22.0703125      0.0979401816511
22.265625      0.100629403301
22.65625      0.10094351333
23.046875      0.103253379671
23.2421875      0.106770518569
23.6328125      0.108865759258
23.828125      0.11303092062
24.21875      0.117032095546
24.4140625      0.117134796296
24.8046875      0.121426684698
25.1953125      0.124420300771
25.390625      0.125161747761
25.78125      0.125862463812
25.9765625      0.127445717366
26.7578125      0.130829151868
26.953125      0.131412691069
27.34375      0.133276985254
27.5390625      0.135784449954
27.9296875      0.139593033298
28.125      0.144783568495
28.90625      0.145632231729
29.1015625      0.147138536416
29.4921875      0.14885951489
29.6875      0.154507975919
30.078125      0.156662342301
30.2734375      0.158372017531
30.6640625      0.158372017531
31.0546875      0.164184527628
31.25      0.166616708405
31.640625      0.171054521065
31.8359375      0.171192357142
32.2265625      0.174501707805
32.6171875      0.17884233484
32.8125      0.18231442588
33.203125      0.184650834377
33.3984375      0.188939627606
33.7890625      0.192252267762
33.984375      0.193239322092
34.375      0.196855852578
34.765625      0.198224629404
34.9609375      0.202061731797
35.3515625      0.208790086811
35.546875      0.212910747367
35.9375      0.216236044535
36.328125      0.216236044535
36.5234375      0.217929222355
36.9140625      0.221228034773
37.109375      0.225566571806
37.5      0.239460742177
37.6953125      0.241504923999
38.0859375      0.241504923999
38.4765625      0.243122398715
38.671875      0.245863572291
39.0625      0.248905522394
39.2578125      0.249345629466
39.6484375      0.249345629466
39.84375      0.259134966327
40.234375      0.262373805584
40.625      0.264744929243
40.8203125      0.269452297457
41.2109375      0.274387171187
41.40625      0.27649380975
41.796875      0.286757312594
42.1875      0.290948411834
42.3828125      0.292288647939
42.7734375      0.305026449376
42.96875      0.30599498459
43.359375      0.313862546217
43.5546875      0.314687814453
43.9453125      0.332663749693
44.3359375      0.335729583813
44.53125      0.345492979317
44.921875      0.345616475376
45.1171875      0.354330259999
45.5078125      0.357046958832
45.8984375      0.367378970659
46.09375      0.370765732685
46.484375      0.37843092842
46.6796875      0.380125296141
47.0703125      0.394214877175
47.65625      0.407848023937
48.046875      0.424931305894
48.2421875      0.430021123274
48.6328125      0.447334886229
48.828125      0.463039441721
49.21875      0.485323108488
49.8046875      0.485323108488
50.1953125      0.500946581294
50.390625      0.511822804734
50.78125      0.533104780414
50.9765625      0.557040034497
51.3671875      0.587330852156
51.7578125      0.587330852156
51.953125      0.596843589589
52.34375      0.606564140141
52.5390625      0.631729233561
52.9296875      0.641486384284
53.125      0.661621958978
53.515625      0.687736123421
53.90625      0.707727083371
54.1015625      0.714339305256
54.4921875      0.748876935568
54.6875      0.776278951354
55.078125      0.803590455372
55.2734375      0.824998127233
55.6640625      0.839979912036
56.0546875      0.876573774873
56.25      0.929910731825
56.640625      0.934148025068
56.8359375      0.977433596179
57.2265625      0.977433596179
57.6171875      0.999645676153
57.8125      1.0
58.203125      1.0
58.3984375      1.0
58.7890625      0.99049068385
58.984375      0.985089802016
59.375      0.966363970016
59.765625      0.923425426563
59.9609375      0.912330946572
60.3515625      0.863847335735
60.546875      0.842992221669
60.9375      0.796298964211
61.328125      0.745936837503
61.5234375      0.735766916287
61.9140625      0.692214042662
62.109375      0.650155596541
62.5      0.609639377317
62.6953125      0.607958557398
63.0859375      0.597088952006
63.4765625      0.58667509232
63.671875      0.585185062421
64.0625      0.558493762605
64.2578125      0.558493762605
64.6484375      0.54241723364
64.84375      0.522082703739
65.234375      0.45591619649
65.625      0.448808120214
65.8203125      0.444442981561
66.2109375      0.421218197535
66.40625      0.406372482925
66.796875      0.387375814412
67.1875      0.365359053685
67.3828125      0.35800852465
67.7734375      0.339614352044
67.96875      0.329885970365
68.5546875      0.310415965711
68.9453125      0.310415965711
69.3359375      0.299190081889
69.53125      0.283988923618
69.921875      0.263780727804
70.1171875      0.260022526788
70.8984375      0.235961722624
71.09375      0.235961722624
71.484375      0.232096994419
71.6796875      0.216526600852
72.0703125      0.20218237407
72.265625      0.201867254461
72.65625      0.187466284551
73.046875      0.174934311397
73.2421875      0.172302428199
73.6328125      0.162860225471
73.828125      0.160520910587
74.21875      0.148921393324
74.4140625      0.148155319762
74.8046875      0.13826304899
75.1953125      0.134227058142
75.390625      0.132836304319
75.78125      0.120971632853
75.9765625      0.116579702347
76.3671875      0.112415711735
76.7578125      0.112415711735
76.953125      0.107292794138
77.34375      0.103954002032
77.5390625      0.0901346742458
77.9296875      0.0826360078447
78.125      0.0820355826342
78.515625      0.0820355826342
78.90625      0.073211186736
79.1015625      0.0651125833636
79.4921875      0.056478441038
79.6875      0.0468424239461
80.078125      0.0450064724376
80.2734375      0.0431955898158
80.6640625      0.0361905606148
81.0546875      0.0308610519494
81.25      0.0253054699478
81.640625      0.0175955055747
81.8359375      0.0171112811672
82.2265625      0.0103167160778
82.6171875      0.00946034688798
82.8125      0.00627984955866
83.203125      0.00593356455842
83.3984375      0.00593356455842
